image_width: 640
image_height: 480
camera_name: camera_left
camera_matrix:
  rows: 3
  cols: 3
  data: [475.5183440100457, 0, 289.2063563243952, 0, 475.7015421509946, 230.4145587092047, 0, 0, 1]
distortion_model: plumb_bob
distortion_coefficients:
  rows: 1
  cols: 5
  data: [-0.3870701120282348, 0.1367539699721391, -0.002490819560339242, 0.001594455410099697, 0]
rectification_matrix:
  rows: 3
  cols: 3
  data: [0.9998192174864625, -0.003749229765490265, -0.01864069797307855, 0.003831709598225784, 0.9999830185364036, 0.004390972600391675, 0.01862391866157168, -0.004461604530669167, 0.9998166050524961]
projection_matrix:
  rows: 3
  cols: 4
  data: [440.6977463452947, 0, 326.2756500244141, 0, 0, 440.6977463452947, 233.6125183105469, 0, 0, 0, 1, 0]