image_width: 640
image_height: 480
camera_name: camera_right
camera_matrix:
  rows: 3
  cols: 3
  data: [471.5867204571038, 0, 338.3073102716908, 0, 471.6517240198075, 242.2485553493116, 0, 0, 1]
distortion_model: plumb_bob
distortion_coefficients:
  rows: 1
  cols: 5
  data: [-0.3736572465058851, 0.1214448659421317, -0.002033552032109719, 0.002155987196868039, 0]
rectification_matrix:
  rows: 3
  cols: 3
  data: [0.9999290350684175, -0.006894391990665221, -0.009715564122719412, 0.006851317847157015, 0.9999665840300921, -0.004459850551948878, 0.009745987425645978, 0.004392969641090412, 0.9999428571407626]
projection_matrix:
  rows: 3
  cols: 4
  data: [440.6977463452947, 0, 326.2756500244141, -17.4144650719234, 0, 440.6977463452947, 233.6125183105469, 0, 0, 0, 1, 0]