*** Added sample 1, p_x = 0.456, p_y = 0.367, p_size = 0.269, skew = 0.752
*** Added sample 2, p_x = 0.463, p_y = 0.454, p_size = 0.311, skew = 0.164
*** Added sample 3, p_x = 0.588, p_y = 0.363, p_size = 0.336, skew = 0.556
*** Added sample 4, p_x = 0.605, p_y = 0.349, p_size = 0.322, skew = 0.273
*** Added sample 5, p_x = 0.373, p_y = 0.337, p_size = 0.311, skew = 0.219
*** Added sample 6, p_x = 0.390, p_y = 0.330, p_size = 0.324, skew = 0.046
*** Added sample 7, p_x = 0.411, p_y = 0.491, p_size = 0.341, skew = 0.072
*** Added sample 8, p_x = 0.594, p_y = 0.068, p_size = 0.463, skew = 0.005
*** Added sample 9, p_x = 0.371, p_y = 0.190, p_size = 0.467, skew = 0.133
*** Added sample 10, p_x = 0.330, p_y = 0.407, p_size = 0.470, skew = 0.073
*** Added sample 11, p_x = 0.323, p_y = 0.728, p_size = 0.457, skew = 0.052
*** Added sample 12, p_x = 0.411, p_y = 0.797, p_size = 0.510, skew = 0.000
*** Added sample 13, p_x = 0.415, p_y = 0.643, p_size = 0.525, skew = 0.055
*** Added sample 14, p_x = 0.447, p_y = 0.474, p_size = 0.536, skew = 0.072
*** Added sample 15, p_x = 0.450, p_y = 0.277, p_size = 0.548, skew = 0.101
*** Added sample 16, p_x = 0.521, p_y = 0.084, p_size = 0.549, skew = 0.187
*** Added sample 17, p_x = 0.912, p_y = 0.358, p_size = 0.467, skew = 0.297
*** Added sample 18, p_x = 0.796, p_y = 0.361, p_size = 0.473, skew = 0.194
*** Added sample 19, p_x = 0.543, p_y = 0.587, p_size = 0.477, skew = 0.026
*** Added sample 20, p_x = 0.572, p_y = 0.622, p_size = 0.365, skew = 0.077
*** Added sample 21, p_x = 0.567, p_y = 0.589, p_size = 0.324, skew = 0.197
*** Added sample 22, p_x = 0.744, p_y = 0.541, p_size = 0.262, skew = 0.252
*** Added sample 23, p_x = 0.293, p_y = 0.554, p_size = 0.300, skew = 0.019
*** Added sample 24, p_x = 0.133, p_y = 0.508, p_size = 0.292, skew = 0.013
*** Added sample 25, p_x = 0.555, p_y = 0.421, p_size = 0.274, skew = 0.012
*** Added sample 26, p_x = 0.434, p_y = 0.251, p_size = 0.275, skew = 0.012
*** Added sample 27, p_x = 0.429, p_y = 0.040, p_size = 0.278, skew = 0.011
*** Added sample 28, p_x = 0.423, p_y = 0.571, p_size = 0.284, skew = 0.124
*** Added sample 29, p_x = 0.444, p_y = 0.725, p_size = 0.316, skew = 0.179
*** Added sample 30, p_x = 0.482, p_y = 0.851, p_size = 0.341, skew = 0.153
*** Added sample 31, p_x = 0.527, p_y = 0.962, p_size = 0.369, skew = 0.130
*** Added sample 32, p_x = 0.524, p_y = 0.377, p_size = 0.378, skew = 0.114
*** Added sample 33, p_x = 0.526, p_y = 0.625, p_size = 0.516, skew = 0.134
*** Added sample 34, p_x = 0.486, p_y = 0.821, p_size = 0.525, skew = 0.101
*** Added sample 35, p_x = 0.469, p_y = 0.895, p_size = 0.555, skew = 0.009
*** Added sample 36, p_x = 0.617, p_y = 0.172, p_size = 0.638, skew = 0.435
*** Added sample 37, p_x = 0.539, p_y = 0.502, p_size = 0.636, skew = 0.145
*** Added sample 38, p_x = 0.579, p_y = 0.390, p_size = 0.632, skew = 0.224
*** Added sample 39, p_x = 0.657, p_y = 0.626, p_size = 0.484, skew = 0.067
*** Added sample 40, p_x = 0.705, p_y = 0.728, p_size = 0.419, skew = 0.172
*** Added sample 41, p_x = 0.663, p_y = 0.515, p_size = 0.331, skew = 0.002
*** Added sample 42, p_x = 0.546, p_y = 0.305, p_size = 0.246, skew = 0.188
*** Added sample 43, p_x = 0.453, p_y = 0.247, p_size = 0.201, skew = 0.166
*** Added sample 44, p_x = 0.365, p_y = 0.055, p_size = 0.198, skew = 0.218
*** Added sample 45, p_x = 0.327, p_y = 0.177, p_size = 0.237, skew = 0.076
*** Added sample 46, p_x = 0.457, p_y = 0.636, p_size = 0.212, skew = 0.035
*** Added sample 47, p_x = 0.458, p_y = 0.800, p_size = 0.232, skew = 0.012
*** Added sample 48, p_x = 0.518, p_y = 0.722, p_size = 0.390, skew = 0.022
*** Added sample 49, p_x = 0.631, p_y = 0.891, p_size = 0.527, skew = 0.243
*** Added sample 50, p_x = 0.573, p_y = 0.701, p_size = 0.609, skew = 0.183
*** Added sample 51, p_x = 0.704, p_y = 0.557, p_size = 0.597, skew = 0.210
*** Added sample 52, p_x = 0.640, p_y = 0.895, p_size = 0.619, skew = 0.076
*** Added sample 53, p_x = 0.416, p_y = 0.544, p_size = 0.163, skew = 0.056
*** Added sample 54, p_x = 0.369, p_y = 0.833, p_size = 0.195, skew = 0.124
*** Added sample 55, p_x = 0.319, p_y = 0.739, p_size = 0.200, skew = 0.223
*** Added sample 56, p_x = 0.268, p_y = 0.774, p_size = 0.207, skew = 0.473
*** Added sample 57, p_x = 0.312, p_y = 0.612, p_size = 0.195, skew = 0.443
*** Added sample 58, p_x = 0.466, p_y = 0.929, p_size = 0.153, skew = 0.006
*** Added sample 59, p_x = 0.642, p_y = 0.857, p_size = 0.453, skew = 0.154
*** Added sample 60, p_x = 0.794, p_y = 0.726, p_size = 0.404, skew = 0.026
*** Added sample 61, p_x = 0.725, p_y = 0.607, p_size = 0.339, skew = 0.145
*** Added sample 62, p_x = 0.329, p_y = 0.673, p_size = 0.195, skew = 0.017
*** Added sample 63, p_x = 0.378, p_y = 0.649, p_size = 0.164, skew = 0.150
*** Added sample 64, p_x = 0.339, p_y = 0.742, p_size = 0.162, skew = 0.526
*** Added sample 65, p_x = 0.403, p_y = 0.857, p_size = 0.174, skew = 0.267
*** Added sample 66, p_x = 0.411, p_y = 0.869, p_size = 0.168, skew = 0.622
*** Added sample 67, p_x = 0.403, p_y = 0.903, p_size = 0.170, skew = 0.807
*** Added sample 68, p_x = 0.747, p_y = 0.641, p_size = 0.142, skew = 1.000

Left:
('D = ', [-0.3870701120282348, 0.13675396997213915, -0.0024908195603392416, 0.001594455410099697, 0.0])
('K = ', [475.5183440100457, 0.0, 289.20635632439524, 0.0, 475.7015421509946, 230.41455870920467, 0.0, 0.0, 1.0])
('R = ', [0.9998192174864625, -0.003749229765490265, -0.018640697973078553, 0.003831709598225784, 0.9999830185364036, 0.004390972600391675, 0.018623918661571683, -0.004461604530669167, 0.9998166050524961])
('P = ', [440.69774634529466, 0.0, 326.27565002441406, 0.0, 0.0, 440.69774634529466, 233.61251831054688, 0.0, 0.0, 0.0, 1.0, 0.0])

Right:
('D = ', [-0.3736572465058851, 0.12144486594213175, -0.0020335520321097186, 0.002155987196868039, 0.0])
('K = ', [471.5867204571038, 0.0, 338.30731027169077, 0.0, 471.65172401980755, 242.2485553493116, 0.0, 0.0, 1.0])
('R = ', [0.9999290350684175, -0.006894391990665221, -0.009715564122719412, 0.006851317847157015, 0.9999665840300921, -0.004459850551948878, 0.009745987425645978, 0.004392969641090412, 0.9999428571407626])
('P = ', [440.69774634529466, 0.0, 326.27565002441406, -17.4144650719234, 0.0, 440.69774634529466, 233.61251831054688, 0.0, 0.0, 0.0, 1.0, 0.0])
('self.T ', [-0.03951286204662695, 0.000272436493059588, 0.00038391698952899264])
('self.R ', [0.9999560261215459, 0.0030587550584424182, -0.008865091127486915, -0.0029797497379408823, 0.9999558521003605, 0.008911506143244876, 0.008891957866827505, -0.00888469851679295, 0.9999209944878447])
None
# oST version 5.0 parameters


[image]

width
640

height
480

[narrow_stereo/left]

camera matrix
475.518344 0.000000 289.206356
0.000000 475.701542 230.414559
0.000000 0.000000 1.000000

distortion
-0.387070 0.136754 -0.002491 0.001594 0.000000

rectification
0.999819 -0.003749 -0.018641
0.003832 0.999983 0.004391
0.018624 -0.004462 0.999817

projection
440.697746 0.000000 326.275650 0.000000
0.000000 440.697746 233.612518 0.000000
0.000000 0.000000 1.000000 0.000000

# oST version 5.0 parameters


[image]

width
640

height
480

[narrow_stereo/right]

camera matrix
471.586720 0.000000 338.307310
0.000000 471.651724 242.248555
0.000000 0.000000 1.000000

distortion
-0.373657 0.121445 -0.002034 0.002156 0.000000

rectification
0.999929 -0.006894 -0.009716
0.006851 0.999967 -0.004460
0.009746 0.004393 0.999943

projection
440.697746 0.000000 326.275650 -17.414465
0.000000 440.697746 233.612518 0.000000
0.000000 0.000000 1.000000 0.000000

